0	1
9	1
18	1
28	1
37	1
46	1
56	1
64	1
74	1
84	1
93	1
102	1
112	1
122	1
132	1
141	1
151	1
161	1
171	1
181	1
191	1
201	1
211	1
220	1
230	1
240	1
250	1
259	1
268	1
277	1
287	1
297	1
307	1
317	1
324	1
334	1
343	1
351	1
358	1
368	1
377	1
387	1
395	1
405	1
414	1
424	1
434	1
444	1
454	1
464	1
474	1
484	1
494	1
504	1
514	1
524	1
534	1
544	1
554	1
563	1
573	1
583	1
592	1
602	1
611	1
620	1
630	1
640	1
649	1
659	1
669	1
679	1
689	1
699	1
709	1
719	1
728	1
738	1
747	1
757	1
765	1
775	1
785	1
795	1
805	1
815	1
825	1
835	1
844	1
853	1
863	1
873	1
883	1
892	1
900	1
910	1
919	1
929	1
939	1
949	1
959	1
969	1
978	1
988	1
998	1
1008	1
1018	1
1027	1
1035	1
1045	1
1055	1
1065	1
1075	1
1085	1
1095	1
1105	1
1114	1
1124	1
1133	1
1142	1
1152	1
1161	1
1171	1
1181	1
1190	1
1200	1
1209	1
1219	1
1229	1
1239	1
1249	1
1258	1
1268	1
1277	1
1287	1
1297	1
1306	1
1316	1
1324	1
1334	1
1343	1
1353	1
1363	1
1373	1
1383	1
1392	1
1402	1
1412	1
1421	1
1431	1
1441	1
1450	1
1459	1
1468	1
1478	1
1487	1
1496	1
1506	1
1515	1
1525	1
1533	1
1542	1
1551	1
1561	1
1571	1
1581	1
1591	1
1600	1
1610	1
1619	1
1628	1
1637	1
1646	1
1654	1
1664	1
1671	1
1681	1
1690	1
1699	1
1707	1
1717	1
1726	1
1736	1
1746	1
1755	1
1765	1
1774	1
1783	1
1792	1
1802	1
1812	1
1821	1
1830	1
1839	1
1849	1
1859	1
1869	1
1879	1
1887	1
1896	1
1906	1
1915	1
1925	1
1935	1
1945	1
1955	1
1965	1
1975	1
1985	1
1995	1
2005	1
2015	1
2025	1
2035	1
2045	1
2055	1
2065	1
2075	1
2085	1
2093	1
2101	1
2109	1
2119	1
2129	1
2139	1
2147	1
2157	1
2167	1
2177	1
2186	1
2196	1
2206	1
2216	1
2226	1
2235	1
2245	1
2254	1
2264	1
2273	1
2283	1
2292	1
2301	1
2309	1
2319	1
2329	1
2339	1
2349	1
2359	1
2367	1
2377	1
2387	1
2396	1
2405	1
2415	1
2425	1
2435	1
2444	1
2453	1
2463	1
2473	1
2483	1
2493	1
2502	1
2510	1
2520	1
2530	1
2539	1
2548	1
2558	1
2567	1
2577	1
2586	1
2596	1
2606	1
2614	1
2624	1
2634	1
2644	1
2653	1
2663	1
2673	1
2683	1
2691	1
2701	1
2709	1
2718	1
2728	1
2738	1
2748	1
2756	1
2766	1
2776	1
2786	1
2795	1
2805	1
2814	1
2823	1
2833	1
2843	1
2853	1
2862	1
2871	1
2881	1
2891	1
2899	1
2909	1
2919	1
2929	1
2939	1
2949	1
2957	1
2967	1
2977	1
2985	1
2994	1
3004	1
3013	1
3023	1
3033	1
3043	1
3051	1
3061	1
3071	1
3081	1
3089	1
3099	1
3109	1
3119	1
3129	1
3139	1
3148	1
3158	1
3168	1
3178	1
3186	1
3196	1
3205	1
3214	1
3222	1
3232	1
3242	1
3251	1
3260	1
3270	1
3280	1
3290	1
3300	1
3310	1
3320	1
3329	1
3338	1
3348	1
3357	1
3367	1
3377	1
3386	1
3396	1
3404	1
3413	1
3423	1
3432	1
3441	1
3451	1
3461	1
3471	1
3480	1
3490	1
3499	1
3508	1
3515	1
3524	1
3533	1
3543	1
3552	1
3562	1
3570	1
3580	1
3589	1
3598	1
3608	1
3618	1
3628	1
3638	1
3648	1
3658	1
3667	1
3676	1
3684	1
3693	1
3703	1
3713	1
3723	1
3732	1
3742	1
3752	1
3762	1
3771	1
3781	1
3791	1
3799	1
3809	1
3818	1
3828	1
3838	1
3848	1
3858	1
3867	1
3877	1
3886	1
3895	1
3905	1
3915	1
3923	1
3933	1
3942	1
3950	1
3960	1
3969	1
3979	1
3985	1
3995	1
4004	1
4014	1
4024	1
4033	1
4041	1
4051	1
4060	1
4070	1
4079	1
4088	1
4097	1
4106	1
4116	1
4126	1
4135	1
4143	1
4153	1
4163	1
4172	1
4181	1
4191	1
4201	1
4211	1
4221	1
4230	1
4240	1
4250	1
4259	1
4268	1
4278	1
4287	1
4297	1
4307	1
4317	1
4327	1
4337	1
4346	1
4354	1
4364	1
4374	1
4384	1
4393	1
4402	1
4412	1
4422	1
4431	1
4441	1
4450	1
4460	1
4469	1
4478	1
4488	1
4498	1
4508	1
4518	1
4527	1
4537	1
4547	1
4557	1
4567	1
4576	1
4586	1
4595	1
4602	1
4612	1
4622	1
4632	1
4642	1
4651	1
4661	1
4671	1
4681	1
4691	1
4701	1
4711	1
4721	1
4730	1
4740	1
4750	1
4760	1
4769	1
4779	1
4788	1
4798	1
4808	1
4818	1
4827	1
4836	1
4846	1
4856	1
4865	1
4875	1
4883	1
4893	1
4901	1
4911	1
4919	1
4927	1
4936	1
4946	1
4954	1
4964	1
4973	1
4983	1
4992	1
5000	1
5009	1
5019	1
5029	1
5039	1
5049	1
5058	1
5067	1
5077	1
5087	1
5097	1
5107	1
5116	1
5126	1
5136	1
5146	1
5155	1
5163	1
5172	1
5181	1
5189	1
5198	1
5206	1
5216	1
5226	1
5236	1
5246	1
5256	1
5266	1
5275	1
5285	1
5295	1
5304	1
5313	1
5321	1
5330	1
5340	1
5350	1
5360	1
5370	1
5380	1
5390	1
5400	1
5410	1
5420	1
5430	1
5440	1
5450	1
5459	1
5468	1
5477	1
5487	1
5497	1
5507	1
5517	1
5527	1
5537	1
5547	1
5556	1
5564	1
5574	1
5584	1
5593	1
5602	1
5611	1
5621	1
5630	1
5640	1
5649	1
5659	1
5669	1
5679	1
5688	1
5697	1
5707	1
5717	1
5727	1
5737	1
5746	1
5756	1
5764	1
5774	1
5783	1
5793	1
5802	1
5812	1
5821	1
5830	1
5840	1
5848	1
5857	1
5866	1
5876	1
5885	1
5894	1
5903	1
5913	1
5922	1
5932	1
5941	1
5951	1
5961	1
5970	1
5979	1
5989	1
5999	1
6009	1
6018	1
6027	1
6037	1
6047	1
6054	1
6064	1
6073	1
6083	1
6093	1
6103	1
6113	1
6123	1
6133	1
6142	1
6151	1
6161	1
6169	1
6179	1
6189	1
6199	1
6209	1
6219	1
6226	1
6236	1
6246	1
6255	1
6264	1
6273	1
6282	1
6292	1
6302	1
6311	1
6320	1
6329	1
6339	1
6349	1
6359	1
6368	1
6377	1
6387	1
6397	1
6406	1
6415	1
6425	1
6435	1
6444	1
6453	1
6463	1
6472	1
6482	1
6492	1
6501	1
6511	1
6521	1
6531	1
6540	1
6549	1
6559	1
6569	1
6577	1
6587	1
6597	1
6607	1
6617	1
6627	1
6636	1
6645	1
6655	1
6663	1
6672	1
6682	1
6692	1
6702	1
6712	1
6722	1
6731	1
6741	1
6749	1
6759	1
6768	1
6778	1
6788	1
6798	1
6808	1
6818	1
6827	1
6837	1
6846	1
6856	1
6866	1
6876	1
6886	1
6896	1
6906	1
6916	1
6926	1
6935	1
6945	1
6954	1
6964	1
6973	1
6983	1
6992	1
7002	1
7012	1
7022	1
7031	1
7040	1
7050	1
7060	1
7070	1
7080	1
7090	1
7100	1
7110	1
7120	1
7130	1
7139	1
7149	1
7158	1
7168	1
7177	1
7186	1
7196	1
7206	1
7216	1
7226	1
7236	1
7245	1
7255	1
7264	1
7274	1
7283	1
7293	1
7303	1
7313	1
7322	1
7331	1
7341	1
7351	1
7361	1
7369	1
7379	1
7389	1
7398	1
7408	1
7418	1
7428	1
7438	1
7447	1
7456	1
7465	1
7473	1
7483	1
7493	1
7503	1
7512	1
7521	1
7531	1
7540	1
7549	1
7559	1
7569	1
7578	1
7585	1
7595	1
7605	1
7615	1
7625	1
7635	1
7645	1
7655	1
7665	1
7674	1
7684	1
7693	1
7703	1
7711	1
7721	1
7731	1
7739	1
7748	1
7758	1
7767	1
7777	1
7786	1
7795	1
7804	1
7814	1
7823	1
7832	1
7841	1
7850	1
7858	1
7867	1
7877	1
7886	1
7896	1
7906	1
7916	1
7926	1
7934	1
7944	1
7954	1
7964	1
7974	1
7983	1
7992	1
8001	1
8011	1
8021	1
8030	1
8040	1
8050	1
8060	1
8070	1
8080	1
8089	1
8099	1
8109	1
8119	1
8129	1
8139	1
8149	1
8159	1
8169	1
8179	1
8189	1
8197	1
8207	1
8217	1
8227	1
8237	1
8247	1
8257	1
8267	1
8275	1
8285	1
8295	1
8304	1
8312	1
8322	1
8332	1
8342	1
8352	1
8362	1
8372	1
8382	1
8391	1
8401	1
8411	1
8418	1
8427	1
8437	1
8446	1
8455	1
8465	1
8473	1
8483	1
8493	1
8503	1
8513	1
8522	1
8532	1
8542	1
8552	1
8562	1
8572	1
8581	1
8591	1
8601	1
8611	1
8620	1
8630	1
8639	1
8646	1
8654	1
8664	1
8673	1
8683	1
8693	1
8701	1
8711	1
8720	1
8730	1
8740	1
8749	1
8759	1
8769	1
8777	1
8786	1
8796	1
8806	1
8816	1
8824	1
8834	1
8843	1
8853	1
8862	1
8872	1
8882	1
8892	1
8902	1
8911	1
8921	1
8930	1
8940	1
8949	1
8959	1
8969	1
8979	1
8989	1
8999	1
9009	1
9019	1
9029	1
9039	1
9049	1
9059	1
9069	1
9077	1
9087	1
9095	1
9105	1
9115	1
9125	1
9135	1
9145	1
9155	1
9165	1
9175	1
9185	1
9195	1
9205	1
9214	1
9223	1
9233	1
9243	1
9253	1
9261	1
9269	1
9278	1
9287	1
9297	1
9307	1
9317	1
9327	1
9336	1
9346	1
9354	1
9364	1
9373	1
9380	1
9389	1
9398	1
9408	1
9417	1
9426	1
9436	1
9445	1
9455	1
9465	1
9474	1
9484	1
9494	1
9504	1
9514	1
9522	1
9532	1
9542	1
9552	1
9561	1
9570	1
9579	1
9587	1
9596	1
9605	1
9615	1
9624	1
9634	1
9643	1
9653	1
9663	1
9673	1
9682	1
9692	1
9701	1
9711	1
9718	1
9728	1
9738	1
9748	1
9758	1
9767	1
9777	1
9786	1
9796	1
9806	1
9816	1
9825	1
9835	1
9844	1
9854	1
9863	1
9871	1
9881	1
9890	1
9900	1
9908	1
9918	1
9928	1
9938	1
9948	1
9957	1
9967	1
9977	1
9987	1
9996	1
10005	1
10015	1
10025	1
10035	1
10045	1
10054	1
10064	1
10074	1
10083	1
10093	1
10102	1
10111	1
10120	1
10129	1
10138	1
10148	1
10158	1
10168	1
10177	1
10186	1
10196	1
10205	1
10214	1
10224	1
10233	1
10242	1
10252	1
10262	1
10271	1
10281	1
10291	1
10301	1
10310	1
10320	1
10330	1
10340	1
10350	1
10360	1
10370	1
10379	1
10389	1
10399	1
10408	1
10418	1
10426	1
10436	1
10445	1
10455	1
10465	1
10474	1
10483	1
10493	1
10503	1
10513	1
10523	1
10532	1
10542	1
10552	1
10562	1
10572	1
10582	1
10592	1
10601	1
10611	1
10621	1
10629	1
10638	1
10647	1
10657	1
10667	1
10677	1
10687	1
10696	1
10706	1
10716	1
10726	1
10736	1
10746	1
10756	1
10764	1
10774	1
10782	1
10791	1
10800	1
10810	1
10819	1
10829	1
10838	1
10848	1
10858	1
10866	1
10876	1
10885	1
10895	1
10904	1
10914	1
10924	1
10934	1
10944	1
10954	1
10964	1
10974	1
10984	1
10994	1
11002	1
11012	1
11022	1
11031	1
11040	1
11050	1
11060	1
11069	1
11079	1
11087	1
11094	1
11104	1
11114	1
11123	1
11132	1
11142	1
11152	1
11162	1
11172	1
11182	1
11192	1
11202	1
11211	1
11220	1
11230	1
11239	1
11249	1
11259	1
11269	1
11278	1
11288	1
11298	1
11307	1
11316	1
11326	1
11336	1
11344	1
11353	1
11363	1
11373	1
11383	1
11393	1
11403	1
11413	1
11423	1
11432	1
11442	1
11451	1
11461	1
11471	1
11479	1
11487	1
11496	1
11506	1
11515	1
11524	1
11534	1
11544	1
11554	1
11563	1
11572	1
11580	1
11590	1
11600	1
11610	1
11620	1
11630	1
11640	1
11650	1
11658	1
11668	1
11678	1
11686	1
11695	1
11705	1
11715	1
11724	1
11734	1
11744	1
11753	1
11761	1
11771	1
11781	1
11791	1
11801	1
11810	1
11819	1
11829	1
11839	1
11848	1
11858	1
11868	1
11878	1
11887	1
11897	1
11907	1
11917	1
11927	1
11937	1
11947	1
11957	1
11967	1
11977	1
11986	1
11995	1
12004	1
12013	1
12023	1
12033	1
12043	1
12053	1
12062	1
12072	1
12081	1
12091	1
12101	1
12111	1
12121	1
12131	1
12141	1
12151	1
12161	1
12170	1
12180	1
12190	1
12200	1
12209	1
12219	1
12227	1
12237	1
12247	1
12257	1
12267	1
12277	1
12287	1
12296	1
12306	1
12315	1
12324	1
12334	1
12344	1
12353	1
12363	1
12373	1
12383	1
12391	1
12400	1
12409	1
12418	1
12428	1
12438	1
12447	1
12456	1
12466	1
12475	1
12484	1
12494	1
12504	1
12514	1
12523	1
12533	1
12542	1
12552	1
12562	1
12572	1
12582	1
12590	1
12599	1
12608	1
12618	1
12626	1
12636	1
12645	1
12655	1
12665	1
12675	1
12685	1
12695	1
12705	1
12713	1
12723	1
12733	1
12743	1
12752	1
12762	1
12772	1
12781	1
12791	1
12801	1
12810	1
12820	1
12830	1
12840	1
12850	1
12859	1
12868	1
12878	1
12888	1
12897	1
12906	1
12915	1
12923	1
12933	1
12943	1
12953	1
12963	1
12973	1
12982	1
12991	1
13001	1
13011	1
13020	1
13030	1
13040	1
13050	1
13059	1
13069	1
13079	1
13089	1
13099	1
13109	1
13116	1
13126	1
13136	1
13145	1
13154	1
13164	1
13173	1
13180	1
13188	1
13198	1
13208	1
13218	1
13227	1
13237	1
13246	1
13255	1
13265	1
13274	1
13284	1
13294	1
13304	1
13314	1
13323	1
13333	1
13343	1
13353	1
13363	1
13373	1
13382	1
13391	1
13400	1
13409	1
13419	1
13429	1
13439	1
13448	1
13457	1
13467	1
13476	1
13485	1
13495	1
13505	1
13515	1
13525	1
13534	1
13544	1
13553	1
13563	1
13573	1
13582	1
13591	1
13601	1
13610	1
13620	1
13630	1
13640	1
13650	1
13660	1
13670	1
13679	1
13689	1
13699	1
13709	1
13718	1
13728	1
13738	1
13748	1
13758	1
13766	1
13774	1
13783	1
13793	1
13803	1
13812	1
13822	1
13831	1
13840	1
13850	1
13859	1
13869	1
13879	1
13889	1
13899	1
13908	1
13918	1
13927	1
13937	1
13947	1
13957	1
13967	1
13977	1
13987	1
13996	1
14006	1
14015	1
14025	1
14035	1
14044	1
14054	1
14064	1
14074	1
14084	1
14094	1
14103	1
14112	1
14122	1
14132	1
14142	1
14151	1
14161	1
14171	1
14181	1
14191	1
14201	1
14211	1
14221	1
14229	1
14239	1
14249	1
14258	1
14265	1
14275	1
14285	1
14294	1
14304	1
14314	1
14324	1
14332	1
14342	1
14352	1
14362	1
14372	1
14381	1
14391	1
14400	1
14409	1
14418	1
14428	1
14438	1
14447	1
14456	1
14466	1
14476	1
14485	1
14495	1
14504	1
14514	1
14522	1
14531	1
14541	1
14551	1
14561	1
14570	1
14579	1
14589	1
14599	1
14608	1
14617	1
14626	1
14636	1
14645	1
14655	1
14665	1
14675	1
14685	1
14694	1
14704	1
14712	1
14722	1
14731	1
14739	1
14749	1
14759	1
14768	1
14778	1
14788	1
14798	1
14808	1
14818	1
14828	1
14838	1
14848	1
14858	1
14868	1
14878	1
14888	1
14897	1
14906	1
14916	1
14926	1
14936	1
14946	1
14955	1
14962	1
14971	1
14980	1
14989	1
14998	1
15008	1
15017	1
15026	1
15036	1
15046	1
15056	1
15066	1
15075	1
15084	1
15094	1
15103	1
15113	1
15123	1
15133	1
15142	1
15152	1
15161	1
15171	1
15180	1
15190	1
15200	1
15209	1
15218	1
15228	1
15238	1
15248	1
15258	1
15268	1
15278	1
15288	1
15296	1
15305	1
15314	1
15324	1
15333	1
15343	1
15353	1
15363	1
15373	1
15383	1
15393	1
15403	1
15413	1
15423	1
15433	1
15443	1
15453	1
15462	1
15472	1
15482	1
15491	1
15500	1
15509	1
15519	1
15528	1
15538	1
15548	1
15557	1
15566	1
15575	1
15585	1
15595	1
15605	1
15615	1
15623	1
15633	1
15643	1
15653	1
15662	1
15672	1
15682	1
15692	1
15702	1
15710	1
15720	1
15730	1
15738	1
15747	1
15757	1
15766	1
15776	1
15784	1
15792	1
15802	1
15812	1
15822	1
15831	1
15839	1
15848	1
15858	1
15868	1
15878	1
15888	1
15898	1
15907	1
15917	1
15926	1
15936	1
15946	1
15954	1
15964	1
15974	1
15984	1
15994	1
16004	1
16014	1
16023	1
16032	1
16042	1
16051	1
16061	1
16070	1
16079	1
16088	1
16098	1
16107	1
16116	1
16126	1
16136	1
16146	1
16155	1
16165	1
16175	1
16185	1
16195	1
16204	1
16214	1
16224	1
16234	1
16242	1
16252	1
16260	1
16270	1
16280	1
16290	1
16300	1
16309	1
16319	1
16329	1
16337	1
16347	1
16357	1
16367	1
16376	1
16386	1
16396	1
16406	1
16416	1
16426	1
16436	1
16445	1
16454	1
16464	1
16474	1
16482	1
16492	1
16501	1
16510	1
16519	1
16529	1
16539	1
16549	1
16558	1
16568	1
16577	1
16586	1
16595	1
16605	1
16615	1
16625	1
16633	1
16643	1
16652	1
16661	1
16670	1
16680	1
16689	1
16699	1
16708	1
16718	1
16728	1
16738	1
16747	1
16757	1
16767	1
16777	1
16787	1
16797	1
16806	1
16816	1
16826	1
16835	1
16845	1
16855	1
16865	1
16875	1
16885	1
16895	1
16905	1
16914	1
16923	1
16933	1
16942	1
16951	1
16961	1
16970	1
16980	1
16990	1
17000	1
17010	1
17020	1
17029	1
17039	1
17048	1
17057	1
17066	1
17076	1
17086	1
17096	1
17106	1
17115	1
17125	1
17135	1
17144	1
17152	1
17162	1
17170	1
17179	1
17189	1
17198	1
17206	1
17215	1
17225	1
17234	1
17243	1
17253	1
17262	1
17272	1
17282	1
17292	1
17301	1
17311	1
17320	1
17330	1
17340	1
17349	1
17358	1
17368	1
17378	1
17388	1
17397	1
17407	1
17416	1
17426	1
17435	1
17445	1
17455	1
17465	1
17473	1
17483	1
17493	1
17503	1
17512	1
17522	1
17532	1
17542	1
17551	1
17560	1
17570	1
17578	1
17587	1
17595	1
17605	1
17614	1
17623	1
17633	1
17643	1
17653	1
17663	1
17673	1
17683	1
17693	1
17703	1
17713	1
17723	1
17731	1
17741	1
17751	1
17761	1
17770	1
17780	1
17790	1
17800	1
17809	1
17817	1
17827	1
17836	1
17846	1
17856	1
17863	1
17871	1
17879	1
17889	1
17899	1
17909	1
17919	1
17929	1
17939	1
17948	1
17957	1
17967	1
17976	1
17986	1
17994	1
18003	1
18013	1
18023	1
18033	1
18043	1
18053	1
18062	1
18072	1
18082	1
18091	1
18101	1
18110	1
18120	1
18130	1
18140	1
18150	1
18159	1
18168	1
18177	1
18187	1
18197	1
18207	1
18217	1
18226	1
18235	1
18245	1
18254	1
18264	1
18273	1
18283	1
18293	1
18303	1
18312	1
18321	1
18330	1
18340	1
18349	1
18359	1
18367	1
18377	1
18387	1
18395	1
18405	1
18414	1
18424	1
18433	1
18443	1
18453	1
18463	1
18473	1
18483	1
18493	1
18502	1
18512	1
18522	1
18530	1
18540	1
18549	1
18559	1
18569	1
18579	1
18589	1
18599	1
18608	1
18618	1
18625	1
18635	1
18645	1
18655	1
18664	1
18673	1
18681	1
18691	1
18701	1
18711	1
18720	1
18729	1
18739	1
18749	1
18759	1
18769	1
18779	1
18787	1
18796	1
18806	1
18816	1
18826	1
18836	1
18846	1
18856	1
18866	1
18876	1
18886	1
18895	1
18905	1
18914	1
18924	1
18934	1
18944	1
18954	1
18964	1
18973	1
18982	1
18992	1
19002	1
19011	1
19021	1
19030	1
19039	1
19048	1
19057	1
19067	1
19077	1
19087	1
19096	1
19106	1
19116	1
19126	1
19135	1
19145	1
19155	1
19165	1
19175	1
19185	1
19195	1
19205	1
19215	1
19224	1
19234	1
19244	1
19253	1
19263	1
19272	1
19281	1
19291	1
19301	1
19311	1
19321	1
19330	1
19340	1
19350	1
19359	1
19367	1
19377	1
19387	1
19395	1
19404	1
19413	1
19422	1
19431	1
19441	1
19451	1
19461	1
19471	1
19481	1
19491	1
19501	1
19511	1
19521	1
19531	1
19541	1
19551	1
19559	1
19567	1
19577	1
19587	1
19597	1
19607	1
19617	1
19627	1
19637	1
19646	1
19656	1
19666	1
19675	1
19685	1
19694	1
19704	1
19714	1
19723	1
19730	1
19740	1
19750	1
19760	1
19769	1
19778	1
19788	1
19797	1
19807	1
19815	1
19825	1
19834	1
19844	1
19852	1
19862	1
19872	1
19882	1
19892	1
19902	1
19912	1
19921	1
19930	1
19939	1
19949	1
19957	1
19966	1
19975	1
19985	1
19995	1
20005	1
20015	1
20024	1
20033	1
20041	1
20050	1
20060	1
20070	1
20079	1
20089	1
20099	1
20109	1
20118	1
20128	1
20138	1
20148	1
20157	1
20166	1
20176	1
20186	1
20195	1
20205	1
20214	1
20222	1
20232	1
20242	1
20252	1
20262	1
20272	1
20282	1
20292	1
20302	1
20312	1
20321	1
20330	1
20340	1
20350	1
20360	1
20369	1
20379	1
20389	1
20396	1
20404	1
20414	1
20424	1
20434	1
20444	1
20452	1
20462	1
20471	1
20481	1
20490	1
20499	1
20508	1
20518	1
20527	1
20537	1
20546	1
20554	1
20564	1
20574	1
20583	1
20593	1
20602	1
20612	1
20622	1
20632	1
20642	1
20652	1
20662	1
20672	1
20680	1
20690	1
20698	1
20707	1
20717	1
20727	1
20737	1
20745	1
20754	1
20764	1
20772	1
20782	1
20792	1
20802	1
20812	1
20822	1
20831	1
20841	1
20850	1
20859	1
20868	1
20878	1
20888	1
20898	1
20908	1
20918	1
20928	1
20937	1
20946	1
20956	1
20965	1
20974	1
20984	1
20994	1
21004	1
21014	1
21022	1
21032	1
21042	1
21052	1
21062	1
21071	1
21080	1
21090	1
21100	1
21110	1
21120	1
21130	1
21140	1
21149	1
21159	1
21169	1
21179	1
21188	1
21198	1
21208	1
21218	1
21228	1
21237	1
21246	1
21256	1
21266	1
21275	1
21285	1
21295	1
21305	1
21313	1
21322	1
21331	1
21341	1
21351	1
21360	1
21370	1
21380	1
21390	1
21399	1
21409	1
21419	1
21429	1
21439	1
21449	1
21459	1
21469	1
21478	1
21488	1
21496	1
21506	1
21516	1
21526	1
21536	1
21546	1
21556	1
21566	1
21576	1
21586	1
21596	1
21606	1
21615	1
21625	1
21635	1
21644	1
21654	1
21664	1
21673	1
21682	1
21691	1
21701	1
21710	1
21720	1
21730	1
21740	1
21749	1
21759	1
21769	1
21778	1
21787	1
21796	1
21805	1
21815	1
21825	1
21833	1
21843	1
21853	1
21863	1
21872	1
21882	1
21891	1
21900	1
21909	1
21916	1
21924	1
21934	1
21943	1
21952	1
21962	1
21972	1
21980	1
21990	1
21999	1
22008	1
22017	1
22026	1
22036	1
22044	1
22053	1
22063	1
22073	1
22082	1
22092	1
22101	1
22111	1
22121	1
22131	1
22141	1
22151	1
22161	1
22171	1
22180	1
22189	1
22197	1
22207	1
22217	1
22227	1
22237	1
22246	1
22256	1
22265	1
22275	1
22285	1
22294	1
22304	1
22314	1
22324	1
22332	1
22342	1
22352	1
22361	1
22371	1
22380	1
22389	1
22399	1
22409	1
22418	1
22428	1
22438	1
22448	1
22457	1
22466	1
22476	1
22486	1
22496	1
22505	1
22514	1
22524	1
22533	1
22542	1
22550	1
22559	1
22569	1
22579	1
22588	1
22598	1
22608	1
22617	1
22627	1
22636	1
22645	1
22654	1
22663	1
22672	1
22681	1
22690	1
22700	1
22709	1
22718	1
22727	1
22737	1
22746	1
22756	1
22765	1
22774	1
22784	1
22794	1
22804	1
22814	1
22824	1
22834	1
22844	1
22854	1
22863	1
22873	1
22883	1
22892	1
22899	1
22909	1
22919	1
22929	1
22939	1
22949	1
22959	1
22968	1
22977	1
22986	1
22996	1
23005	1
23015	1
23024	1
23034	1
23044	1
23053	1
23062	1
23072	1
23082	1
23091	1
23099	1
23109	1
23119	1
23127	1
23137	1
23146	1
23155	1
23165	1
23175	1
23185	1
23194	1
23203	1
23213	1
23223	1
23232	1
23242	1
23252	1
23260	1
23270	1
23280	1
23289	1
23298	1
23307	1
23316	1
23326	1
23336	1
23346	1
23356	1
23366	1
23373	1
23383	1
23392	1
23402	1
23410	1
23420	1
23428	1
23438	1
23448	1
23457	1
23467	1
23477	1
23486	1
23496	1
23505	1
23515	1
23523	1
23532	1
23542	1
23551	1
23561	1
23571	1
23581	1
23590	1
23598	1
23606	1
23615	1
23624	1
23631	1
23640	1
23650	1
23660	1
23670	1
23680	1
23690	1
23700	1
23710	1
23720	1
23730	1
23740	1
23750	1
23760	1
23770	1
23779	1
23788	1
23797	1
23807	1
23817	1
23827	1
23837	1
23847	1
23856	1
23865	1
23875	1
23885	1
23895	1
23905	1
23915	1
23925	1
23935	1
23945	1
23955	1
23965	1
23975	1
23985	1
23995	1
24003	1
24013	1
24023	1
24033	1
24043	1
24052	1
24062	1
24071	1
24080	1
24088	1
24098	1
24106	1
24116	1
24125	1
24135	1
24144	1
24154	1
24164	1
24173	1
24182	1
24191	1
24201	1
24211	1
24220	1
24230	1
24240	1
24250	1
24260	1
24269	1
24279	1
24288	1
24297	1
24307	1
24316	1
24326	1
24335	1
24344	1
24352	1
24362	1
24372	1
24382	1
24392	1
24401	1
24410	1
24420	1
24429	1
24439	1
24448	1
24458	1
24467	1
24476	1
24486	1
24496	1
24506	1
24513	1
24522	1
24532	1
24542	1
24551	1
24559	1
24568	1
24577	1
24586	1
24596	1
24606	1
24616	1
24625	1
24635	1
24644	1
24654	1
24664	1
24674	1
24684	1
24693	1
24702	1
24712	1
24722	1
24732	1
24742	1
24752	1
24761	1
24770	1
24780	1
24790	1
24800	1
24810	1
24820	1
24830	1
24840	1
24850	1
24860	1
24869	1
24879	1
24888	1
24896	1
24906	1
24916	1
24925	1
24935	1
24945	1
24952	1
24962	1
24972	1
24980	1
24990	1
24999	1
25009	1
25019	1
25028	1
25038	1
25047	1
25056	1
25066	1
25074	1
25084	1
25094	1
25103	1
25111	1
25121	1
25131	1
25140	1
25149	1
25159	1
25169	1
25178	1
25188	1
25198	1
25207	1
25216	1
25224	1
25234	1
25244	1
25254	1
25263	1
25273	1
25279	1
25289	1
25299	1
25308	1
25317	1
25326	1
25335	1
25345	1
25355	1
25365	1
25375	1
25383	1
25393	1
25403	1
25413	1
25421	1
25431	1
25440	1
25450	1
25460	1
25470	1
25479	1
25489	1
25498	1
25508	1
25518	1
25528	1
25537	1
25547	1
25557	1
25566	1
25575	1
25585	1
25595	1
25604	1
25614	1
25624	1
25634	1
25644	1
25652	1
25662	1
25671	1
25680	1
25690	1
25700	1
25709	1
25719	1
25727	1
25737	1
25744	1
25753	1
25763	1
25773	1
25783	1
25792	1
25802	1
25812	1
25822	1
25832	1
25842	1
25852	1
25861	1
25870	1
25880	1
25889	1
25898	1
25908	1
25917	1
25927	1
25936	1
25945	1
25953	1
25961	1
25971	1
25981	1
25990	1
26000	1
26009	1
26018	1
26028	1
26037	1
26047	1
26057	1
26066	1
26075	1
26082	1
26092	1
26102	1
26111	1
26120	1
26130	1
26140	1
26150	1
26160	1
26170	1
26180	1
26190	1
26199	1
26208	1
26218	1
26227	1
26235	1
26245	1
26255	1
26265	1
26275	1
26285	1
26294	1
26304	1
26314	1
26324	1
26332	1
26341	1
26350	1
26360	1
26370	1
26380	1
26390	1
26400	1
26409	1
26419	1
26428	1
26434	1
26444	1
26454	1
26464	1
26473	1
26482	1
26491	1
26501	1
26511	1
26521	1
26530	1
26538	1
26548	1
26558	1
26568	1
26578	1
26587	1
26596	1
26606	1
26616	1
26625	1
26635	1
26645	1
26655	1
26665	1
26675	1
26683	1
26693	1
26702	1
26712	1
26722	1
26731	1
26741	1
26751	1
26761	1
26771	1
26780	1
26789	1
26799	1
26809	1
26819	1
26829	1
26839	1
26849	1
26859	1
26869	1
26879	1
26889	1
26899	1
26909	1
26919	1
26929	1
26939	1
26948	1
26958	1
26967	1
26977	1
26987	1
26996	1
27006	1
27016	1
27025	1
27035	1
27045	1
27055	1
27065	1
27072	1
27082	1
27090	1
27100	1
27109	1
27118	1
27128	1
27136	1
27146	1
27156	1
27166	1
27175	1
27184	1
27192	1
27201	1
27211	1
27220	1
27230	1
27240	1
27249	1
27259	1
27268	1
27277	1
27287	1
27297	1
27306	1
27316	1
27324	1
27334	1
27344	1
27354	1
27363	1
27373	1
27382	1
27392	1
27402	1
27410	1
27420	1
27429	1
27439	1
27449	1
27458	1
27468	1
27478	1
27488	1
27497	1
27507	1
27517	1
27527	1
27537	1
27547	1
27556	1
27566	1
27574	1
27584	1
27593	1
27603	1
27613	1
27623	1
27631	1
27641	1
27650	1
27660	1
27670	1
27680	1
27688	1
27697	1
27707	1
27717	1
27727	1
27736	1
27744	1
27754	1
27764	1
27774	1
27783	1
27793	1
27802	1
27812	1
27821	1
27831	1
27841	1
27851	1
27860	1
27869	1
27879	1
27888	1
27898	1
27907	1
27916	1
27924	1
27933	1
27943	1
27953	1
27963	1
27973	1
27983	1
27992	1
28001	1
28010	1
28020	1
28030	1
28040	1
28049	1
28059	1
28068	1
28077	1
28086	1
28096	1
28106	1
28116	1
28126	1
28136	1
28145	1
28155	1
28165	1
28175	1
28184	1
28193	1
28203	1
28213	1
28223	1
28233	1
28243	1
28253	1
28262	1
28272	1
28281	1
28291	1
28301	1
28310	1
28319	1
28328	1
28338	1
28348	1
28357	1
28366	1
28376	1
28386	1
28395	1
28405	1
28415	1
28425	1
28433	1
28442	1
28450	1
28460	1
28470	1
28480	1
28490	1
28500	1
28510	1
28520	1
28529	1
28538	1
28548	1
28558	1
28568	1
28578	1
28587	1
